url_path,views_total,views_unique
/cicsdev/cics-exci-64bit-connector/blob/main/README.md,4,3
/cicsdev/cics-exci-64bit-connector,1,1
/cicsdev/cics-exci-64bit-connector/blob/main/Cobol/EDUCHAN.cbl,1,1
