url_path,views_total,views_unique
/cicsdev/cics-exci-64bit-connector,3,3
/cicsdev/cics-exci-64bit-connector/blob/main/README.md,2,2
