url_path,views_total,views_unique
/cicsdev/cics-exci-64bit-connector,4,4
/cicsdev/cics-exci-64bit-connector/tree/main,2,1
/cicsdev/cics-exci-64bit-connector/tree/main/src,2,1
/cicsdev/cics-exci-64bit-connector/blob/main/Cobol/EDUCHAN.cbl,1,1
/cicsdev/cics-exci-64bit-connector/blob/main/src/exci.c,1,1
/cicsdev/cics-exci-64bit-connector/blob/main/src/glue.s,1,1
/cicsdev/cics-exci-64bit-connector/tree/main/Cobol,1,1
