url_path,views_total,views_unique
/cicsdev/cics-exci-64bit-connector,3,3
/cicsdev/cics-exci-64bit-connector/blob/main/jcl/cobcomp.jcl,1,1
/cicsdev/cics-exci-64bit-connector/blob/main/src/glue.s,1,1
/cicsdev/cics-exci-64bit-connector/tree/main/jcl,1,1
