referrer,views_total,views_unique
ibm.com,59,3
Google,19,9
github.com,2,2
github.ibm.com,2,1
statics.teams.cdn.office.net,1,1
DuckDuckGo,1,1
