url_path,views_total,views_unique
/cicsdev/cics-cpsm-wlm-trace,4,4
/cicsdev/cics-cpsm-wlm-trace/blob/jt-nti-patch-1/SETTRACE.asm,2,2
/cicsdev/cics-cpsm-wlm-trace/blob/main/SETTRACE.asm,1,1
/cicsdev/cics-cpsm-wlm-trace/pull/1,1,1
/cicsdev/cics-cpsm-wlm-trace/tree/jt-nti-patch-1,1,1
/cicsdev/cics-cpsm-wlm-trace/tree/main,1,1
